0 0 2 1 0 
0.01 0.01 1.99951 1 -0.098 
0.02 0.02 1.99804 1 -0.196 
0.03 0.03 1.99559 1 -0.294 
0.04 0.04 1.99216 1 -0.392 
0.05 0.05 1.98775 1 -0.49 
0.06 0.06 1.98236 1 -0.588 
0.07 0.07 1.97599 1 -0.686 
0.08 0.08 1.96864 1 -0.784 
0.09 0.09 1.96031 1 -0.882 
0.1 0.1 1.951 1 -0.98 
0.11 0.11 1.94071 1 -1.078 
0.12 0.12 1.92944 1 -1.176 
0.13 0.13 1.91719 1 -1.274 
0.14 0.14 1.90396 1 -1.372 
0.15 0.15 1.88975 1 -1.47 
0.16 0.16 1.87456 1 -1.568 
0.17 0.17 1.85839 1 -1.666 
0.18 0.18 1.84124 1 -1.764 
0.19 0.19 1.82311 1 -1.862 
0.2 0.2 1.804 1 -1.96 
0.21 0.21 1.78391 1 -2.058 
0.22 0.22 1.76284 1 -2.156 
0.23 0.23 1.74079 1 -2.254 
0.24 0.24 1.71776 1 -2.352 
0.25 0.25 1.69375 1 -2.45 
0.26 0.26 1.66876 1 -2.548 
0.27 0.27 1.64279 1 -2.646 
0.28 0.28 1.61584 1 -2.744 
0.29 0.29 1.58791 1 -2.842 
0.3 0.3 1.559 1 -2.94 
0.31 0.31 1.52911 1 -3.038 
0.32 0.32 1.49824 1 -3.136 
0.33 0.33 1.46639 1 -3.234 
0.34 0.34 1.43356 1 -3.332 
0.35 0.35 1.39975 1 -3.43 
0.36 0.36 1.36496 1 -3.528 
0.37 0.37 1.32919 1 -3.626 
0.38 0.38 1.29244 0.999999 -3.724 
0.39 0.39 1.25471 0.999998 -3.822 
0.4 0.4 1.216 0.999995 -3.91999 
0.41 0.41 1.17631 0.999987 -4.01799 
0.42 0.42 1.13564 0.999965 -4.11596 
0.43 0.429999 1.09399 0.999905 -4.2139 
0.44 0.439997 1.05136 0.999738 -4.31171 
0.45 0.449993 1.00776 0.999266 -4.40919 
0.46 0.45998 0.963182 0.997906 -4.50567 
0.47 0.469942 0.917654 0.993916 -4.59921 
0.48 0.479833 0.871227 0.982014 -4.68382 
0.49 0.489506 0.824065 0.946069 -4.74118 
0.5 0.498521 0.776668 0.837547 -4.71586 
0.51 0.505585 0.730515 0.521939 -4.45365 
0.52 0.507339 0.689453 -0.280648 -3.63344 
0.53 0.497609 0.66054 -1.76189 -2.04041 
0.54 0.471578 0.649183 -3.38827 -0.298553 
0.55 0.431986 0.652081 -4.40808 0.738872 
0.56 0.385417 0.661705 -4.83501 1.10703 
0.57 0.336201 0.673214 -4.98128 1.16566 
0.58 0.286112 0.684672 -5.02775 1.11656 
0.59 0.235749 0.695437 -5.04217 1.0335 
0.6 0.1853 0.705309 -5.04662 0.940062 
0.61 0.134826 0.714228 -5.048 0.843462 
0.62 0.0843433 0.722176 -5.04843 0.745897 
0.63 0.0338582 0.729145 -5.04857 0.648034 
0.64 -0.0166278 0.735136 -5.04862 0.550077 
0.65 -0.067114 0.740147 -5.04863 0.452092 
0.66 -0.1176 0.744178 -5.04863 0.354096 
0.67 -0.168087 0.747229 -5.04864 0.256098 
0.68 -0.218573 0.7493 -5.04864 0.158099 
0.69 -0.269059 0.750391 -5.04864 0.0600988 
0.7 -0.319546 0.750502 -5.04864 -0.0379011 
0.71 -0.370032 0.749633 -5.04864 -0.135901 
0.72 -0.420519 0.747784 -5.04864 -0.233901 
0.73 -0.471005 0.744955 -5.04864 -0.331901 
0.74 -0.521491 0.741146 -5.04864 -0.429901 
0.75 -0.571978 0.736357 -5.04864 -0.527901 
0.76 -0.622464 0.730588 -5.04864 -0.625901 
0.77 -0.67295 0.723839 -5.04864 -0.723901 
0.78 -0.723437 0.71611 -5.04864 -0.821901 
0.79 -0.773923 0.707401 -5.04864 -0.919901 
0.8 -0.824409 0.697712 -5.04864 -1.0179 
0.81 -0.874896 0.687043 -5.04864 -1.1159 
0.82 -0.925382 0.675394 -5.04864 -1.2139 
0.83 -0.975869 0.662765 -5.04864 -1.3119 
0.84 -1.02635 0.649156 -5.04864 -1.4099 
0.85 -1.07684 0.634567 -5.04864 -1.5079 
0.86 -1.12733 0.618998 -5.04864 -1.6059 
0.87 -1.17781 0.602448 -5.04864 -1.7039 
0.88 -1.2283 0.584919 -5.04864 -1.8019 
0.89 -1.27879 0.56641 -5.04864 -1.8999 
0.9 -1.32927 0.546921 -5.04864 -1.9979 
0.91 -1.37976 0.526452 -5.04864 -2.0959 
0.92 -1.43025 0.505003 -5.04864 -2.1939 
0.93 -1.48073 0.482574 -5.04864 -2.2919 
0.94 -1.53122 0.459165 -5.04864 -2.3899 
0.95 -1.5817 0.434776 -5.04864 -2.4879 
0.96 -1.63219 0.409407 -5.04864 -2.5859 
0.97 -1.68268 0.383058 -5.04864 -2.6839 
0.98 -1.73316 0.355729 -5.04864 -2.7819 
0.99 -1.78365 0.32742 -5.04864 -2.8799 
1 -1.83414 0.298131 -5.04864 -2.9779 
1.01 -1.88462 0.267862 -5.04864 -3.0759 
1.02 -1.93511 0.236613 -5.04864 -3.1739 
1.03 -1.9856 0.204384 -5.04864 -3.2719 
1.04 -2.03608 0.171175 -5.04864 -3.3699 
1.05 -2.08657 0.136986 -5.04864 -3.4679 
1.06 -2.13705 0.101817 -5.04864 -3.5659 
1.07 -2.18754 0.0656683 -5.04864 -3.6639 
1.08 -2.23803 0.0285393 -5.04863 -3.7619 
1.09 -2.28851 -0.00956959 -5.04862 -3.85988 
1.1 -2.339 -0.0486582 -5.04858 -3.95782 
1.11 -2.38949 -0.0887253 -5.04838 -4.05554 
1.12 -2.43997 -0.129766 -5.04738 -4.15221 
1.13 -2.49042 -0.171753 -5.04218 -4.24357 
1.14 -2.54074 -0.214551 -5.01389 -4.30683 
1.15 -2.59031 -0.257426 -4.85657 -4.21803 
1.16 -2.63582 -0.296559 -4.04491 -3.37944 
1.17 -2.66457 -0.317567 -1.32142 -0.39543 
1.18 -2.6594 -0.301328 2.14281 3.40497 
1.19 -2.62905 -0.257659 3.60739 4.96949 
1.2 -2.59096 -0.206135 3.92415 5.23783 
1.21 -2.55136 -0.153819 3.98091 5.20704 
1.22 -2.51149 -0.102161 3.99097 5.12128 
1.23 -2.47156 -0.0514239 3.99281 5.02557 
1.24 -2.43163 -0.0016554 3.99315 4.92802 
1.25 -2.3917 0.0471354 3.99322 4.83011 
1.26 -2.35177 0.0949466 3.99324 4.73213 
1.27 -2.31184 0.141778 3.99324 4.63413 
1.28 -2.2719 0.187629 3.99324 4.53613 
1.29 -2.23197 0.232501 3.99324 4.43813 
1.3 -2.19204 0.276392 3.99324 4.34013 
1.31 -2.15211 0.319303 3.99324 4.24213 
1.32 -2.11218 0.361235 3.99324 4.14413 
1.33 -2.07224 0.402186 3.99324 4.04613 
1.34 -2.03231 0.442157 3.99324 3.94813 
1.35 -1.99238 0.481149 3.99324 3.85013 
1.36 -1.95245 0.51916 3.99324 3.75213 
1.37 -1.91251 0.556191 3.99324 3.65413 
1.38 -1.87258 0.592243 3.99324 3.55613 
1.39 -1.83265 0.627314 3.99324 3.45813 
1.4 -1.79272 0.661405 3.99324 3.36013 
1.41 -1.75278 0.694517 3.99324 3.26213 
1.42 -1.71285 0.726648 3.99324 3.16413 
1.43 -1.67292 0.757799 3.99324 3.06613 
1.44 -1.63299 0.787971 3.99324 2.96813 
1.45 -1.59305 0.817162 3.99324 2.87013 
1.46 -1.55312 0.845373 3.99324 2.77213 
1.47 -1.51319 0.872605 3.99324 2.67413 
1.48 -1.47326 0.898856 3.99324 2.57613 
1.49 -1.43332 0.924127 3.99324 2.47813 
1.5 -1.39339 0.948419 3.99324 2.38013 
1.51 -1.35346 0.97173 3.99324 2.28213 
1.52 -1.31353 0.994061 3.99324 2.18413 
1.53 -1.27359 1.01541 3.99324 2.08613 
1.54 -1.23366 1.03578 3.99324 1.98813 
1.55 -1.19373 1.05518 3.99324 1.89013 
1.56 -1.1538 1.07359 3.99324 1.79213 
1.57 -1.11387 1.09102 3.99324 1.69413 
1.58 -1.07393 1.10747 3.99324 1.59613 
1.59 -1.034 1.12294 3.99324 1.49813 
1.6 -0.994068 1.13743 3.99324 1.40013 
1.61 -0.954136 1.15094 3.99324 1.30213 
1.62 -0.914203 1.16347 3.99324 1.20413 
1.63 -0.874271 1.17503 3.99324 1.10613 
1.64 -0.834338 1.1856 3.99324 1.00813 
1.65 -0.794406 1.19519 3.99324 0.910134 
1.66 -0.754474 1.2038 3.99324 0.812134 
1.67 -0.714541 1.21143 3.99324 0.714134 
1.68 -0.674609 1.21808 3.99324 0.616134 
1.69 -0.634677 1.22375 3.99324 0.518134 
1.7 -0.594744 1.22845 3.99324 0.420134 
1.71 -0.554812 1.23216 3.99324 0.322134 
1.72 -0.514879 1.23489 3.99324 0.224134 
1.73 -0.474947 1.23664 3.99324 0.126134 
1.74 -0.435015 1.23741 3.99324 0.0281336 
1.75 -0.395082 1.2372 3.99324 -0.0698664 
1.76 -0.35515 1.23601 3.99324 -0.167866 
1.77 -0.315217 1.23384 3.99324 -0.265866 
1.78 -0.275285 1.2307 3.99324 -0.363866 
1.79 -0.235353 1.22657 3.99324 -0.461866 
1.8 -0.19542 1.22146 3.99324 -0.559866 
1.81 -0.155488 1.21537 3.99324 -0.657866 
1.82 -0.115555 1.2083 3.99324 -0.755866 
1.83 -0.075623 1.20025 3.99324 -0.853866 
1.84 -0.0356907 1.19122 3.99324 -0.951866 
1.85 0.00424174 1.18122 3.99324 -1.04987 
1.86 0.0441741 1.17023 3.99324 -1.14787 
1.87 0.0841065 1.15826 3.99324 -1.24587 
1.88 0.124039 1.14531 3.99324 -1.34387 
1.89 0.163971 1.13138 3.99324 -1.44187 
1.9 0.203904 1.11647 3.99324 -1.53987 
1.91 0.243836 1.10058 3.99324 -1.63786 
1.92 0.283768 1.08371 3.99323 -1.73586 
1.93 0.323701 1.06587 3.99322 -1.83384 
1.94 0.363633 1.04704 3.99317 -1.9318 
1.95 0.403564 1.02723 3.99304 -2.02965 
1.96 0.443492 1.00645 3.99262 -2.12719 
1.97 0.483413 0.98469 3.99132 -2.22374 
1.98 0.52331 0.961981 3.98731 -2.31715 
1.99 0.563133 0.938379 3.9749 -2.40062 
2 0.602726 0.914069 3.93667 -2.45271 
2.01 0.641618 0.889634 3.82132 -2.40838 
2.02 0.678461 0.86679 3.49365 -2.09048 
2.03 0.709929 0.849898 2.69893 -1.15206 
2.04 0.730386 0.846563 1.31528 0.59353 
2.05 0.735947 0.862229 -0.149012 2.4682 
2.06 0.729295 0.893376 -1.07566 3.61795 
2.07 0.716183 0.932215 -1.48333 4.06418 
2.08 0.700471 0.973528 -1.63353 4.1642 
2.09 0.68383 1.01508 -1.68555 4.13387 
2.1 0.66687 1.05606 -1.70336 4.05871 
2.11 0.6498 1.0962 -1.70949 3.96847 
2.12 0.632693 1.13541 -1.71162 3.87314 
2.13 0.615572 1.17366 -1.71238 3.77607 
2.14 0.598447 1.21093 -1.71265 3.6784 
2.15 0.581319 1.24723 -1.71275 3.58052 
2.16 0.564192 1.28254 -1.71279 3.48256 
2.17 0.547064 1.31688 -1.7128 3.38458 
2.18 0.529936 1.35024 -1.71281 3.28658 
2.19 0.512808 1.38261 -1.71281 3.18859 
2.2 0.49568 1.41401 -1.71281 3.09059 
2.21 0.478552 1.44442 -1.71281 2.99259 
2.22 0.461423 1.47386 -1.71281 2.89459 
2.23 0.444295 1.50232 -1.71281 2.79659 
2.24 0.427167 1.52979 -1.71281 2.69859 
2.25 0.410039 1.55629 -1.71281 2.60059 
2.26 0.392911 1.5818 -1.71281 2.50259 
2.27 0.375783 1.60634 -1.71281 2.40459 
2.28 0.358655 1.62989 -1.71281 2.30659 
2.29 0.341527 1.65247 -1.71281 2.20859 
2.3 0.324399 1.67407 -1.71281 2.11059 
2.31 0.307271 1.69468 -1.71281 2.01259 
2.32 0.290142 1.71432 -1.71281 1.91459 
2.33 0.273014 1.73297 -1.71281 1.81659 
2.34 0.255886 1.75065 -1.71281 1.71859 
2.35 0.238758 1.76735 -1.71281 1.62059 
2.36 0.22163 1.78306 -1.71281 1.52259 
2.37 0.204502 1.7978 -1.71281 1.42459 
2.38 0.187374 1.81155 -1.71281 1.32659 
2.39 0.170246 1.82433 -1.71281 1.22859 
2.4 0.153118 1.83613 -1.71281 1.13059 
2.41 0.13599 1.84694 -1.71281 1.03259 
2.42 0.118862 1.85678 -1.71281 0.934588 
2.43 0.101733 1.86563 -1.71281 0.836588 
2.44 0.0846053 1.87351 -1.71281 0.738588 
2.45 0.0674772 1.8804 -1.71281 0.640588 
2.46 0.0503491 1.88632 -1.71281 0.542588 
2.47 0.033221 1.89126 -1.71281 0.444588 
2.48 0.0160929 1.89521 -1.71281 0.346588 
2.49 -0.00103516 1.89819 -1.71281 0.248588 
2.5 -0.0181633 1.90018 -1.71281 0.150588 
2.51 -0.0352914 1.9012 -1.71281 0.0525878 
2.52 -0.0524195 1.90124 -1.71281 -0.0454122 
2.53 -0.0695475 1.90029 -1.71281 -0.143412 
2.54 -0.0866756 1.89837 -1.71281 -0.241412 
2.55 -0.103804 1.89546 -1.71281 -0.339412 
2.56 -0.120932 1.89158 -1.71281 -0.437412 
2.57 -0.13806 1.88672 -1.71281 -0.535412 
2.58 -0.155188 1.88087 -1.71281 -0.633412 
2.59 -0.172316 1.87405 -1.71281 -0.731412 
2.6 -0.189444 1.86624 -1.71281 -0.829412 
2.61 -0.206572 1.85746 -1.71281 -0.927412 
2.62 -0.2237 1.84769 -1.71281 -1.02541 
2.63 -0.240829 1.83695 -1.71281 -1.12341 
2.64 -0.257957 1.82523 -1.71281 -1.22141 
2.65 -0.275085 1.81252 -1.71281 -1.31941 
2.66 -0.292213 1.79884 -1.71281 -1.41741 
2.67 -0.309341 1.78417 -1.71281 -1.51541 
2.68 -0.326469 1.76853 -1.71281 -1.61341 
2.69 -0.343597 1.75191 -1.71281 -1.71141 
2.7 -0.360725 1.7343 -1.71281 -1.80941 
2.71 -0.377853 1.71572 -1.71281 -1.90741 
2.72 -0.394981 1.69615 -1.71281 -2.00541 
2.73 -0.412109 1.67561 -1.71281 -2.10341 
2.74 -0.429238 1.65409 -1.71281 -2.20141 
2.75 -0.446366 1.63158 -1.71281 -2.29941 
2.76 -0.463494 1.6081 -1.71281 -2.39741 
2.77 -0.480622 1.58363 -1.71281 -2.49541 
2.78 -0.49775 1.55819 -1.71281 -2.59341 
2.79 -0.514878 1.53176 -1.71281 -2.69141 
2.8 -0.532006 1.50436 -1.71281 -2.78941 
2.81 -0.549134 1.47598 -1.71281 -2.88741 
2.82 -0.566262 1.44661 -1.71281 -2.98541 
2.83 -0.58339 1.41627 -1.71281 -3.08341 
2.84 -0.600519 1.38494 -1.71281 -3.18141 
2.85 -0.617647 1.35264 -1.71281 -3.27941 
2.86 -0.634775 1.31936 -1.71281 -3.37741 
2.87 -0.651903 1.28509 -1.71281 -3.47541 
2.88 -0.669031 1.24985 -1.71281 -3.57341 
2.89 -0.686159 1.21362 -1.71281 -3.67141 
2.9 -0.703287 1.17642 -1.71281 -3.76941 
2.91 -0.720415 1.13824 -1.71281 -3.86741 
2.92 -0.737543 1.09907 -1.71281 -3.96541 
2.93 -0.754671 1.05893 -1.71281 -4.06341 
2.94 -0.771799 1.0178 -1.71281 -4.16141 
2.95 -0.788928 0.975699 -1.71281 -4.25941 
2.96 -0.806056 0.932614 -1.71281 -4.35741 
2.97 -0.823184 0.88855 -1.71281 -4.45541 
2.98 -0.840312 0.843506 -1.71281 -4.55341 
2.99 -0.85744 0.797482 -1.71281 -4.65141 
3 -0.874568 0.750478 -1.71281 -4.74941 
3.01 -0.891696 0.702494 -1.71281 -4.84741 
3.02 -0.908824 0.65353 -1.71281 -4.94541 
3.03 -0.925952 0.603586 -1.71281 -5.04341 
3.04 -0.94308 0.552661 -1.71281 -5.14141 
3.05 -0.960209 0.500757 -1.71281 -5.23941 
3.06 -0.977337 0.447873 -1.71281 -5.33741 
3.07 -0.994465 0.394009 -1.71281 -5.43541 
3.08 -1.01159 0.339165 -1.71281 -5.53341 
3.09 -1.02872 0.283341 -1.71281 -5.63141 
3.1 -1.04585 0.226537 -1.71281 -5.72941 
3.11 -1.06298 0.168753 -1.71281 -5.82741 
3.12 -1.08011 0.109988 -1.71281 -5.92541 
3.13 -1.09723 0.0502443 -1.71281 -6.02341 
3.14 -1.11436 -0.0104798 -1.71281 -6.12141 
3.15 -1.13149 -0.0721839 -1.71281 -6.21941 
3.16 -1.14862 -0.134868 -1.71282 -6.3174 
3.17 -1.16575 -0.198532 -1.71283 -6.41537 
3.18 -1.18287 -0.263175 -1.71286 -6.51329 
3.19 -1.2 -0.328797 -1.71296 -6.61102 
3.2 -1.21713 -0.395394 -1.71327 -6.70813 
3.21 -1.23427 -0.462953 -1.7143 -6.80308 
3.22 -1.25143 -0.531431 -1.7177 -6.89045 
3.23 -1.26865 -0.600676 -1.72922 -6.95058 
3.24 -1.2861 -0.67013 -1.76853 -6.91184 
3.25 -1.30431 -0.737806 -1.89941 -6.52591 
3.26 -1.32492 -0.79726 -2.28161 -5.10721 
3.27 -1.35131 -0.833567 -3.05348 -1.85002 
3.28 -1.38617 -0.831685 -3.87436 2.11966 
3.29 -1.42739 -0.79661 -4.29779 4.56905 
3.3 -1.47113 -0.745559 -4.42205 5.46337 
3.31 -1.51552 -0.689532 -4.44785 5.68125 
3.32 -1.56002 -0.63263 -4.45147 5.68052 
3.33 -1.60454 -0.576132 -4.45124 5.6134 
3.34 -1.64904 -0.520428 -4.4507 5.52571 
3.35 -1.69355 -0.465639 -4.45035 5.43136 
3.36 -1.73805 -0.411808 -4.45016 5.33472 
3.37 -1.78255 -0.358948 -4.45006 5.23727 
3.38 -1.82705 -0.307064 -4.45001 5.1395 
3.39 -1.87155 -0.256158 -4.44998 5.0416 
3.4 -1.91605 -0.206232 -4.44996 4.94365 
3.41 -1.96055 -0.157285 -4.44996 4.84567 
3.42 -2.00505 -0.109319 -4.44995 4.74768 
3.43 -2.04955 -0.0623317 -4.44995 4.64969 
3.44 -2.09405 -0.0163248 -4.44995 4.55169 
3.45 -2.13855 0.0287022 -4.44994 4.4537 
3.46 -2.18305 0.0727492 -4.44994 4.3557 
3.47 -2.22755 0.115816 -4.44994 4.2577 
3.48 -2.27205 0.157903 -4.44994 4.1597 
3.49 -2.31655 0.19901 -4.44994 4.0617 
3.5 -2.36105 0.239137 -4.44994 3.9637 
3.51 -2.40555 0.278284 -4.44994 3.8657 
3.52 -2.45005 0.316451 -4.44994 3.7677 
3.53 -2.49455 0.353638 -4.44994 3.6697 
3.54 -2.53905 0.389845 -4.44994 3.5717 
3.55 -2.58355 0.425072 -4.44994 3.4737 
3.56 -2.62804 0.459319 -4.44994 3.3757 
3.57 -2.67254 0.492586 -4.44994 3.2777 
3.58 -2.71704 0.524873 -4.44994 3.17971 
3.59 -2.76154 0.556181 -4.44994 3.08171 
3.6 -2.80604 0.586508 -4.44994 2.98371 
3.61 -2.85054 0.615855 -4.44994 2.88571 
3.62 -2.89504 0.644222 -4.44993 2.78771 
3.63 -2.93954 0.671609 -4.44993 2.68971 
3.64 -2.98404 0.698016 -4.44993 2.59171 
3.65 -3.02854 0.723443 -4.44993 2.49372 
3.66 -3.07304 0.74789 -4.44992 2.39572 
3.67 -3.11754 0.771358 -4.44991 2.29773 
3.68 -3.16204 0.793845 -4.4499 2.19974 
3.69 -3.20654 0.815352 -4.44988 2.10176 
3.7 -3.25103 0.83588 -4.44985 2.00379 
3.71 -3.29553 0.855428 -4.4498 1.90584 
3.72 -3.34003 0.873997 -4.44972 1.80793 
3.73 -3.38453 0.891587 -4.44958 1.71006 
3.74 -3.42902 0.908199 -4.44936 1.6123 
3.75 -3.47351 0.923834 -4.44898 1.51469 
3.76 -3.518 0.938494 -4.44835 1.41737 
3.77 -3.56248 0.952183 -4.44727 1.32054 
3.78 -3.60694 0.964907 -4.44544 1.22456 
3.79 -3.65138 0.976679 -4.44235 1.13007 
3.8 -3.69578 0.987517 -4.43713 1.03813 
3.81 -3.74011 0.997456 -4.42836 0.950613 
3.82 -3.78433 1.00655 -4.41374 0.870608 
3.83 -3.82836 1.01491 -4.38969 0.803218 
3.84 -3.87208 1.02269 -4.3508 0.756518 
3.85 -3.9153 1.03015 -4.28951 0.742599 
3.86 -3.95776 1.0377 -4.19628 0.777955 
3.87 -3.99909 1.04594 -4.06135 0.881737 
3.88 -4.03883 1.05562 -3.87876 1.06982 
3.89 -4.07651 1.06762 -3.6522 1.34432 
3.9 -4.11178 1.08273 -3.39885 1.68377 
3.91 -4.14449 1.10137 -3.14618 2.044 
3.92 -4.1748 1.1235 -2.92136 2.37415 
3.93 -4.20307 1.14863 -2.74084 2.63706 
3.94 -4.22977 1.17597 -2.60757 2.81884 
3.95 -4.25536 1.20475 -2.51517 2.92467 
3.96 -4.28018 1.23426 -2.45386 2.969 
3.97 -4.30451 1.26398 -2.41432 2.9678 
3.98 -4.32851 1.29351 -2.38926 2.93468 
3.99 -4.35232 1.3226 -2.37353 2.87986 
4 -4.376 1.35106 -2.36371 2.81058 
4.01 -4.39961 1.37878 -2.35759 2.73172 
4.02 -4.42316 1.40567 -2.35378 2.64653 
4.03 -4.44669 1.43169 -2.35141 2.55716 
4.04 -4.47019 1.45681 -2.34994 2.46502 
4.05 -4.49369 1.48099 -2.34902 2.37102 
4.06 -4.51718 1.50422 -2.34845 2.27578 
4.07 -4.54066 1.5265 -2.3481 2.17969 
4.08 -4.56414 1.54782 -2.34789 2.08304 
4.09 -4.58762 1.56816 -2.34776 1.98598 
4.1 -4.61109 1.58753 -2.34768 1.88866 
4.11 -4.63457 1.60593 -2.34764 1.79114 
4.12 -4.65805 1.62336 -2.34761 1.6935 
4.13 -4.68152 1.6398 -2.3476 1.59575 
4.14 -4.705 1.65527 -2.3476 1.49794 
4.15 -4.72847 1.66976 -2.3476 1.40008 
4.16 -4.75195 1.68327 -2.3476 1.30219 
4.17 -4.77543 1.69581 -2.3476 1.20427 
4.18 -4.7989 1.70736 -2.34761 1.10633 
4.19 -4.82238 1.71793 -2.34761 1.00838 
4.2 -4.84586 1.72753 -2.34762 0.910414 
4.21 -4.86933 1.73614 -2.34762 0.812442 
4.22 -4.89281 1.74378 -2.34763 0.714465 
4.23 -4.91628 1.75043 -2.34763 0.616483 
4.24 -4.93976 1.7561 -2.34763 0.518497 
4.25 -4.96324 1.7608 -2.34764 0.420509 
4.26 -4.98671 1.76451 -2.34764 0.322519 
4.27 -5.01019 1.76725 -2.34764 0.224526 
4.28 -5.03367 1.76901 -2.34764 0.126533 
4.29 -5.05714 1.76978 -2.34764 0.0285385 
4.3 -5.08062 1.76958 -2.34765 -0.0694568 
4.31 -5.10409 1.76839 -2.34765 -0.167453 
4.32 -5.12757 1.76623 -2.34765 -0.265449 
4.33 -5.15105 1.76308 -2.34765 -0.363446 
4.34 -5.17452 1.75896 -2.34765 -0.461444 
4.35 -5.198 1.75385 -2.34765 -0.559441 
4.36 -5.22148 1.74777 -2.34765 -0.657439 
4.37 -5.24495 1.7407 -2.34765 -0.755437 
4.38 -5.26843 1.73266 -2.34765 -0.853435 
4.39 -5.29191 1.72364 -2.34766 -0.951434 
4.4 -5.31538 1.71363 -2.34766 -1.04943 
4.41 -5.33886 1.70265 -2.34766 -1.14743 
4.42 -5.36234 1.69068 -2.34766 -1.24543 
4.43 -5.38581 1.67774 -2.34766 -1.34343 
4.44 -5.40929 1.66381 -2.34766 -1.44143 
4.45 -5.43277 1.64891 -2.34766 -1.53943 
4.46 -5.45624 1.63303 -2.34766 -1.63742 
4.47 -5.47972 1.61616 -2.34766 -1.73542 
4.48 -5.5032 1.59832 -2.34766 -1.83342 
4.49 -5.52667 1.57949 -2.34766 -1.93142 
4.5 -5.55015 1.55969 -2.34767 -2.02942 
4.51 -5.57363 1.53891 -2.34767 -2.12742 
4.52 -5.5971 1.51714 -2.34767 -2.22542 
4.53 -5.62058 1.4944 -2.34767 -2.32341 
4.54 -5.64406 1.47067 -2.34767 -2.42141 
4.55 -5.66753 1.44597 -2.34767 -2.51941 
4.56 -5.69101 1.42028 -2.34767 -2.61741 
4.57 -5.71449 1.39362 -2.34768 -2.7154 
4.58 -5.73796 1.36598 -2.34768 -2.8134 
4.59 -5.76144 1.33735 -2.34768 -2.9114 
4.6 -5.78492 1.30775 -2.34769 -3.00939 
4.61 -5.80839 1.27716 -2.34769 -3.10739 
4.62 -5.83187 1.2456 -2.3477 -3.20538 
4.63 -5.85535 1.21306 -2.34771 -3.30337 
4.64 -5.87883 1.17953 -2.34771 -3.40136 
4.65 -5.9023 1.14503 -2.34773 -3.49935 
4.66 -5.92578 1.10955 -2.34774 -3.59733 
4.67 -5.94926 1.07308 -2.34777 -3.69531 
4.68 -5.97273 1.03564 -2.3478 -3.79328 
4.69 -5.99621 0.997218 -2.34784 -3.89123 
4.7 -6.01969 0.957816 -2.34789 -3.98917 
4.71 -6.04317 0.917434 -2.34798 -4.08709 
4.72 -6.06665 0.876074 -2.34809 -4.18497 
4.73 -6.09013 0.833735 -2.34826 -4.28279 
4.74 -6.11362 0.790418 -2.34852 -4.38053 
4.75 -6.1371 0.746125 -2.34891 -4.47814 
4.76 -6.1606 0.700856 -2.34952 -4.57553 
4.77 -6.1841 0.654616 -2.35047 -4.67257 
4.78 -6.20761 0.607407 -2.35199 -4.76905 
4.79 -6.23114 0.559238 -2.35446 -4.86457 
4.8 -6.2547 0.510121 -2.35855 -4.95847 
4.81 -6.27832 0.460078 -2.36545 -5.04957 
4.82 -6.30203 0.409146 -2.37726 -5.13577 
4.83 -6.32589 0.357391 -2.39775 -5.21326 
4.84 -6.35003 0.304931 -2.43369 -5.27526 
4.85 -6.37466 0.251977 -2.49701 -5.30973 
4.86 -6.40013 0.198895 -2.60775 -5.29638 
4.87 -6.42707 0.146311 -2.79625 -5.20423 
4.88 -6.45644 0.0951996 -3.09893 -4.99566 
4.89 -6.48951 0.0468707 -3.53764 -4.64686 
4.9 -6.52756 0.00265035 -4.08418 -4.18411 
4.91 -6.57125 -0.0367284 -4.64878 -3.69696 
4.92 -6.62025 -0.0715583 -5.13075 -3.28862 
4.93 -6.67342 -0.102944 -5.4818 -3.01123 
4.94 -6.72948 -0.132199 -5.71158 -2.85799 
4.95 -6.78737 -0.160408 -5.85386 -2.79614 
4.96 -6.84637 -0.188318 -5.94064 -2.79348 
4.97 -6.90607 -0.216398 -5.99422 -2.82695 
4.98 -6.96619 -0.244929 -6.02834 -2.88204 
4.99 -7.0266 -0.274081 -6.05102 -2.95009 
5 -7.08719 -0.303956 -6.06689 -3.02594 
5.01 -7.14792 -0.334616 -6.07863 -3.10648 
5.02 -7.20876 -0.366095 -6.08787 -3.18971 
5.03 -7.26967 -0.398414 -6.09562 -3.27428 
5.04 -7.33067 -0.431581 -6.10256 -3.35908 
5.05 -7.39172 -0.465593 -6.1092 -3.44303 
5.06 -7.45285 -0.500435 -6.11598 -3.52479 
5.07 -7.51405 -0.536075 -6.12334 -3.60237 
5.08 -7.57532 -0.572457 -6.1318 -3.67242 
5.09 -7.63669 -0.609478 -6.14194 -3.72874 
5.1 -7.69817 -0.646947 -6.1543 -3.75916 
5.11 -7.75978 -0.684494 -6.16872 -3.73858 
5.12 -7.82154 -0.721377 -6.18207 -3.61381 
5.13 -7.88338 -0.756065 -6.18121 -3.27414 
5.14 -7.94499 -0.785473 -6.12682 -2.51561 
5.15 -8.00547 -0.804117 -5.93818 -1.08698 
5.16 -8.06305 -0.804945 -5.54398 0.997767 
5.17 -8.1159 -0.78396 -5.02223 3.13876 
5.18 -8.16375 -0.744358 -4.5714 4.64856 
5.19 -8.20791 -0.693473 -4.28835 5.42544 
5.2 -8.24996 -0.637396 -4.13985 5.73573 
5.21 -8.29095 -0.579504 -4.06734 5.8181 
5.22 -8.33143 -0.521362 -4.03233 5.79984 
5.23 -8.37166 -0.463649 -4.01514 5.73803 
5.24 -8.41176 -0.406663 -4.00643 5.65709 
5.25 -8.4518 -0.350536 -4.00187 5.56749 
5.26 -8.49181 -0.295327 -3.99937 5.4738 
5.27 -8.53179 -0.241066 -3.99796 5.37812 
5.28 -8.57177 -0.187768 -3.99712 5.28143 
5.29 -8.61174 -0.135439 -3.99661 5.18419 
5.3 -8.6517 -0.0840849 -3.99628 5.08666 
5.31 -8.69166 -0.0337067 -3.99606 4.98896 
5.32 -8.73162 0.0156939 -3.99591 4.89116 
5.33 -8.77158 0.0641163 -3.9958 4.7933 
5.34 -8.81154 0.11156 -3.99572 4.6954 
5.35 -8.8515 0.158024 -3.99566 4.59747 
5.36 -8.89145 0.203509 -3.99561 4.49953 
5.37 -8.93141 0.248015 -3.99557 4.40158 
5.38 -8.97136 0.291541 -3.99553 4.30362 
5.39 -9.01132 0.334087 -3.9955 4.20566 
5.4 -9.05127 0.375654 -3.99547 4.10769 
5.41 -9.09123 0.416241 -3.99545 4.00971 
5.42 -9.13118 0.455848 -3.99542 3.91174 
5.43 -9.17114 0.494476 -3.99539 3.81377 
5.44 -9.21109 0.532124 -3.99537 3.7158 
5.45 -9.25104 0.568792 -3.99534 3.61782 
5.46 -9.291 0.60448 -3.99531 3.51985 
5.47 -9.33095 0.639189 -3.99528 3.42189 
5.48 -9.3709 0.672918 -3.99524 3.32392 
5.49 -9.41085 0.705667 -3.9952 3.22597 
5.5 -9.45081 0.737437 -3.99515 3.12801 
5.51 -9.49076 0.768228 -3.99509 3.03007 
5.52 -9.53071 0.798039 -3.99502 2.93214 
5.53 -9.57066 0.82687 -3.99494 2.83423 
5.54 -9.61061 0.854723 -3.99483 2.73634 
5.55 -9.65055 0.881597 -3.9947 2.63847 
5.56 -9.6905 0.907493 -3.99452 2.54065 
5.57 -9.73044 0.932411 -3.9943 2.44288 
5.58 -9.77039 0.956351 -3.99402 2.34518 
5.59 -9.81032 0.979314 -3.99365 2.24758 
5.6 -9.85026 1.0013 -3.99315 2.15012 
5.61 -9.89019 1.02232 -3.9925 2.05284 
5.62 -9.93011 1.04236 -3.99164 1.95581 
5.63 -9.97002 1.06143 -3.99049 1.85914 
5.64 -10.0099 1.07954 -3.98897 1.76295 
5.65 -10.0498 1.0967 -3.98693 1.66742 
5.66 -10.0897 1.1129 -3.98423 1.57281 
5.67 -10.1295 1.12816 -3.98066 1.47943 
5.68 -10.1693 1.14249 -3.97594 1.38773 
5.69 -10.209 1.15592 -3.96976 1.29831 
5.7 -10.2487 1.16847 -3.96172 1.2119 
5.71 -10.2882 1.18017 -3.95138 1.12948 
5.72 -10.3277 1.19107 -3.93822 1.05224 
5.73 -10.367 1.20124 -3.92171 0.981618 
5.74 -10.4061 1.21073 -3.90134 0.919276 
5.75 -10.445 1.21966 -3.87668 0.867021 
5.76 -10.4836 1.22811 -3.84751 0.826672 
5.77 -10.5219 1.23623 -3.81388 0.799842 
5.78 -10.5599 1.24416 -3.77625 0.787641 
5.79 -10.5974 1.25204 -3.73552 0.790351 
5.8 -10.6346 1.26001 -3.69304 0.807121 
5.81 -10.6713 1.26822 -3.65051 0.835801 
5.82 -10.7076 1.27676 -3.6098 0.872986 
5.83 -10.7435 1.28569 -3.57264 0.914322 
5.84 -10.7791 1.29504 -3.54044 0.955026 
5.85 -10.8143 1.30478 -3.51405 0.99049 
5.86 -10.8494 1.31482 -3.49376 1.01683 
5.87 -10.8842 1.32507 -3.47928 1.03125 
5.88 -10.919 1.3354 -3.46996 1.03216 
5.89 -10.9536 1.34567 -3.46489 1.01908 
5.9 -10.9883 1.35574 -3.4631 0.992446 
5.91 -11.0229 1.36548 -3.46365 0.953309 
5.92 -11.0576 1.37477 -3.46576 0.903076 
5.93 -11.0922 1.38351 -3.46876 0.843299 
5.94 -11.1269 1.39161 -3.47218 0.775515 
5.95 -11.1617 1.39899 -3.47566 0.701151 
5.96 -11.1964 1.40561 -3.47899 0.621472 
5.97 -11.2312 1.41141 -3.48203 0.537559 
5.98 -11.2661 1.41635 -3.48471 0.450315 
5.99 -11.3009 1.42041 -3.48703 0.360476 
6 -11.3358 1.42355 -3.48897 0.268635 
6.01 -11.3707 1.42577 -3.49059 0.175259 
6.02 -11.4056 1.42706 -3.49191 0.0807178 
6.03 -11.4406 1.42739 -3.49298 -0.0147059 
6.04 -11.4755 1.42676 -3.49383 -0.110793 
6.05 -11.5104 1.42517 -3.4945 -0.207376 
6.06 -11.5454 1.42261 -3.49503 -0.304329 
6.07 -11.5803 1.41908 -3.49545 -0.401557 
6.08 -11.6153 1.41458 -3.49577 -0.498988 
6.09 -11.6502 1.4091 -3.49602 -0.596569 
6.1 -11.6852 1.40265 -3.49621 -0.694261 
6.11 -11.7202 1.39522 -3.49636 -0.792034 
6.12 -11.7551 1.38681 -3.49647 -0.889866 
6.13 -11.7901 1.37742 -3.49656 -0.987743 
6.14 -11.8251 1.36705 -3.49662 -1.08565 
6.15 -11.86 1.3557 -3.49667 -1.18358 
6.16 -11.895 1.34338 -3.49671 -1.28153 
6.17 -11.93 1.33007 -3.49674 -1.3795 
6.18 -11.9649 1.31579 -3.49677 -1.47747 
6.19 -11.9999 1.30052 -3.49678 -1.57545 
6.2 -12.0349 1.28428 -3.4968 -1.67343 
6.21 -12.0698 1.26706 -3.49681 -1.77142 
6.22 -12.1048 1.24885 -3.49682 -1.86941 
6.23 -12.1398 1.22967 -3.49682 -1.9674 
6.24 -12.1747 1.2095 -3.49683 -2.06539 
6.25 -12.2097 1.18836 -3.49683 -2.16339 
6.26 -12.2447 1.16624 -3.49684 -2.26139 
6.27 -12.2797 1.14313 -3.49684 -2.35938 
6.28 -12.3146 1.11905 -3.49684 -2.45738 
6.29 -12.3496 1.09398 -3.49684 -2.55538 
6.3 -12.3846 1.06794 -3.49685 -2.65338 
6.31 -12.4195 1.04092 -3.49685 -2.75138 
6.32 -12.4545 1.01291 -3.49685 -2.84937 
6.33 -12.4895 0.98393 -3.49685 -2.94737 
6.34 -12.5244 0.953966 -3.49685 -3.04537 
6.35 -12.5594 0.923022 -3.49685 -3.14337 
6.36 -12.5944 0.891099 -3.49685 -3.24137 
6.37 -12.6293 0.858195 -3.49685 -3.33937 
6.38 -12.6643 0.824311 -3.49685 -3.43737 
6.39 -12.6993 0.789448 -3.49685 -3.53537 
6.4 -12.7342 0.753604 -3.49686 -3.63337 
6.41 -12.7692 0.71678 -3.49686 -3.73137 
6.42 -12.8042 0.678977 -3.49686 -3.82937 
6.43 -12.8391 0.640193 -3.49686 -3.92736 
6.44 -12.8741 0.600429 -3.49686 -4.02536 
6.45 -12.9091 0.559686 -3.49686 -4.12336 
6.46 -12.9441 0.517962 -3.49686 -4.22136 
6.47 -12.979 0.475258 -3.49686 -4.31936 
6.48 -13.014 0.431575 -3.49687 -4.41736 
6.49 -13.049 0.386911 -3.49687 -4.51535 
6.5 -13.0839 0.341268 -3.49687 -4.61335 
6.51 -13.1189 0.294644 -3.49688 -4.71134 
6.52 -13.1539 0.247041 -3.49688 -4.80934 
6.53 -13.1888 0.198458 -3.49689 -4.90733 
6.54 -13.2238 0.148894 -3.4969 -5.00531 
6.55 -13.2588 0.0983514 -3.49692 -5.10329 
6.56 -13.2937 0.0468288 -3.49695 -5.20124 
6.57 -13.3287 -0.00567335 -3.49701 -5.29917 
6.58 -13.3637 -0.0591546 -3.49709 -5.39705 
6.59 -13.3987 -0.113614 -3.49724 -5.49483 
6.6 -13.4336 -0.169051 -3.49751 -5.59242 
6.61 -13.4686 -0.225461 -3.49802 -5.68962 
6.62 -13.5036 -0.28284 -3.499 -5.786 
6.63 -13.5386 -0.341175 -3.50097 -5.88058 
6.64 -13.5736 -0.400439 -3.50507 -5.97108 
6.65 -13.6087 -0.460566 -3.51389 -6.05203 
6.66 -13.6439 -0.521404 -3.53344 -6.10985 
6.67 -13.6795 -0.582577 -3.57786 -6.11032 
6.68 -13.7157 -0.643148 -3.67937 -5.96847 
6.69 -13.7534 -0.700848 -3.90337 -5.49144 
6.7 -13.7945 -0.750761 -4.34094 -4.35139 
6.71 -13.841 -0.784922 -4.99754 -2.35277 
6.72 -13.8944 -0.796554 -5.65339 0.00644079 
6.73 -13.9533 -0.786628 -6.06739 1.84247 
6.74 -14.015 -0.76247 -6.24251 2.86796 
6.75 -14.0777 -0.731144 -6.29541 3.32965 
6.76 -14.1407 -0.696828 -6.30397 3.50155 
6.77 -14.2037 -0.661554 -6.2997 3.53844 
6.78 -14.2667 -0.626264 -6.29285 3.51263 
6.79 -14.3296 -0.5914 -6.28624 3.45658 
6.8 -14.3924 -0.557182 -6.28038 3.38523 
6.81 -14.4552 -0.523723 -6.27516 3.30578 
6.82 -14.5179 -0.491081 -6.27034 3.22193 
6.83 -14.5806 -0.459292 -6.26561 3.13575 
6.84 -14.6432 -0.42837 -6.26067 3.04855 
6.85 -14.7058 -0.398321 -6.25516 2.96132 
6.86 -14.7683 -0.36914 -6.24856 2.87501 
6.87 -14.8308 -0.340814 -6.24009 2.79077 
6.88 -14.8931 -0.313313 -6.22847 2.71027 
6.89 -14.9553 -0.286587 -6.21147 2.63622 
6.9 -15.0173 -0.260552 -6.18512 2.57326 
6.91 -15.079 -0.235058 -6.14208 2.52965 
6.92 -15.1401 -0.209846 -6.06885 2.52014 
6.93 -15.2002 -0.184458 -5.9413 2.57043 
6.94 -15.2586 -0.158104 -5.72018 2.72123 
6.95 -15.3141 -0.129528 -5.35505 3.02304 
6.96 -15.3651 -0.0970387 -4.81525 3.50333 
6.97 -15.41 -0.0590343 -4.14814 4.10807 
6.98 -15.4481 -0.0149424 -3.49094 4.69371 
6.99 -15.4803 0.0343208 -2.97491 5.12755 
7 -15.5082 0.0869804 -2.63689 5.37553 
7.01 -15.5335 0.141345 -2.44004 5.47792 
7.02 -15.5573 0.196236 -2.33238 5.48904 
7.03 -15.5803 0.250957 -2.27502 5.44897 
7.04 -15.6029 0.305126 -2.24459 5.38161 
7.05 -15.6252 0.358542 -2.22834 5.29993 
7.06 -15.6475 0.4111 -2.21955 5.21075 
7.07 -15.6696 0.462744 -2.21472 5.11758 
7.08 -15.6918 0.513445 -2.21202 5.02229 
7.09 -15.7139 0.563186 -2.21048 4.92583 
7.1 -15.736 0.611959 -2.20958 4.82872 
7.11 -15.7581 0.659759 -2.20905 4.73125 
7.12 -15.7802 0.706584 -2.20874 4.63357 
7.13 -15.8023 0.75243 -2.20854 4.53577 
7.14 -15.8243 0.797299 -2.20842 4.43789 
7.15 -15.8464 0.841188 -2.20834 4.33997 
7.16 -15.8685 0.884098 -2.20829 4.24202 
7.17 -15.8906 0.926028 -2.20826 4.14405 
7.18 -15.9127 0.966979 -2.20824 4.04607 
7.19 -15.9348 1.00695 -2.20822 3.94809 
7.2 -15.9568 1.04594 -2.20821 3.8501 
7.21 -15.9789 1.08395 -2.2082 3.75211 
7.22 -16.001 1.12098 -2.2082 3.65411 
7.23 -16.0231 1.15703 -2.20819 3.55612 
7.24 -16.0452 1.19211 -2.20819 3.45812 
7.25 -16.0672 1.2262 -2.20819 3.36012 
7.26 -16.0893 1.25931 -2.20819 3.26213 
7.27 -16.1114 1.29144 -2.20819 3.16413 
7.28 -16.1335 1.32259 -2.20818 3.06613 
7.29 -16.1556 1.35276 -2.20818 2.96813 
7.3 -16.1777 1.38195 -2.20818 2.87013 
7.31 -16.1997 1.41016 -2.20818 2.77213 
7.32 -16.2218 1.4374 -2.20818 2.67413 
7.33 -16.2439 1.46365 -2.20818 2.57613 
7.34 -16.266 1.48892 -2.20818 2.47813 
7.35 -16.2881 1.51321 -2.20818 2.38013 
7.36 -16.3101 1.53652 -2.20818 2.28213 
7.37 -16.3322 1.55885 -2.20818 2.18413 
7.38 -16.3543 1.5802 -2.20818 2.08613 
7.39 -16.3764 1.60057 -2.20818 1.98813 
7.4 -16.3985 1.61997 -2.20818 1.89013 
7.41 -16.4206 1.63838 -2.20818 1.79213 
7.42 -16.4426 1.65581 -2.20818 1.69413 
7.43 -16.4647 1.67226 -2.20818 1.59613 
7.44 -16.4868 1.68773 -2.20818 1.49813 
7.45 -16.5089 1.70222 -2.20818 1.40013 
7.46 -16.531 1.71573 -2.20818 1.30214 
7.47 -16.553 1.72827 -2.20818 1.20414 
7.48 -16.5751 1.73982 -2.20818 1.10614 
7.49 -16.5972 1.75039 -2.20818 1.00814 
7.5 -16.6193 1.75998 -2.20818 0.910136 
7.51 -16.6414 1.76859 -2.20818 0.812136 
7.52 -16.6635 1.77622 -2.20818 0.714137 
7.53 -16.6855 1.78287 -2.20818 0.616137 
7.54 -16.7076 1.78855 -2.20818 0.518138 
7.55 -16.7297 1.79324 -2.20818 0.420138 
7.56 -16.7518 1.79695 -2.20818 0.322139 
7.57 -16.7739 1.79968 -2.20818 0.224139 
7.58 -16.7959 1.80143 -2.20818 0.12614 
7.59 -16.818 1.8022 -2.20818 0.0281412 
7.6 -16.8401 1.80199 -2.20817 -0.0698576 
7.61 -16.8622 1.8008 -2.20817 -0.167856 
7.62 -16.8843 1.79864 -2.20817 -0.265854 
7.63 -16.9064 1.79549 -2.20817 -0.363852 
7.64 -16.9284 1.79136 -2.20817 -0.461849 
7.65 -16.9505 1.78625 -2.20817 -0.559846 
7.66 -16.9726 1.78016 -2.20817 -0.657841 
7.67 -16.9947 1.77309 -2.20817 -0.755835 
7.68 -17.0168 1.76505 -2.20817 -0.853827 
7.69 -17.0388 1.75602 -2.20816 -0.951816 
7.7 -17.0609 1.74601 -2.20816 -1.0498 
7.71 -17.083 1.73502 -2.20816 -1.14778 
7.72 -17.1051 1.72305 -2.20815 -1.24576 
7.73 -17.1272 1.71011 -2.20814 -1.34372 
7.74 -17.1493 1.69618 -2.20814 -1.44167 
7.75 -17.1713 1.68127 -2.20813 -1.5396 
7.76 -17.1934 1.66539 -2.20812 -1.63749 
7.77 -17.2155 1.64852 -2.20811 -1.73534 
7.78 -17.2376 1.63068 -2.2081 -1.83312 
7.79 -17.2597 1.61186 -2.20809 -1.93081 
7.8 -17.2817 1.59207 -2.20808 -2.02833 
7.81 -17.3038 1.5713 -2.20809 -2.12562 
7.82 -17.3259 1.54955 -2.20813 -2.22254 
7.83 -17.348 1.52685 -2.20823 -2.3189 
7.84 -17.3701 1.50318 -2.20844 -2.41436 
7.85 -17.3922 1.47856 -2.20884 -2.50841 
7.86 -17.4142 1.45302 -2.20962 -2.6002 
7.87 -17.4363 1.42657 -2.21106 -2.68836 
7.88 -17.4585 1.39927 -2.21372 -2.77065 
7.89 -17.4806 1.37119 -2.21853 -2.84338 
7.9 -17.5029 1.34245 -2.22719 -2.90058 
7.91 -17.5252 1.31326 -2.24261 -2.93264 
7.92 -17.5477 1.28393 -2.26972 -2.92462 
7.93 -17.5707 1.25498 -2.31638 -2.85452 
7.94 -17.5942 1.22715 -2.394 -2.69353 
7.95 -17.6187 1.20151 -2.51644 -2.41176 
7.96 -17.6447 1.17937 -2.69489 -1.99405 
7.97 -17.6728 1.16201 -2.92824 -1.46309 
7.98 -17.7034 1.15025 -3.19511 -0.890114 
7.99 -17.7367 1.14403 -3.45865 -0.370138 
8 -17.7724 1.14243 -3.68442 0.0257987 
8.01 -17.8102 1.14406 -3.85553 0.277617 
8.02 -17.8493 1.14756 -3.97339 0.405375 
8.03 -17.8895 1.15187 -4.04913 0.443752 
8.04 -17.9302 1.15625 -4.09548 0.424523 
8.05 -17.9713 1.16025 -4.1229 0.37068 
8.06 -18.0127 1.1636 -4.13873 0.296941 
8.07 -18.0541 1.16615 -4.14772 0.212089 
8.08 -18.0956 1.16782 -4.15275 0.121146 
8.09 -18.1371 1.16856 -4.15554 0.0269077 
8.1 -18.1787 1.16835 -4.15707 -0.0690968 
8.11 -18.2203 1.16718 -4.15791 -0.166042 
8.12 -18.2619 1.16503 -4.15837 -0.263485 
8.13 -18.3034 1.16191 -4.15862 -0.361191 
8.14 -18.345 1.1578 -4.15875 -0.459036 
8.15 -18.3866 1.15272 -4.15882 -0.556953 
8.16 -18.4282 1.14667 -4.15886 -0.65491 
8.17 -18.4698 1.13963 -4.15888 -0.752886 
8.18 -18.5114 1.13161 -4.1589 -0.850874 
8.19 -18.553 1.12261 -4.1589 -0.948867 
8.2 -18.5946 1.11263 -4.15891 -1.04686 
8.21 -18.6362 1.10167 -4.15891 -1.14486 
8.22 -18.6777 1.08973 -4.15891 -1.24286 
8.23 -18.7193 1.07681 -4.15891 -1.34086 
8.24 -18.7609 1.06292 -4.15891 -1.43886 
8.25 -18.8025 1.04804 -4.15891 -1.53686 
8.26 -18.8441 1.03218 -4.15891 -1.63486 
8.27 -18.8857 1.01534 -4.15891 -1.73286 
8.28 -18.9273 0.997521 -4.15891 -1.83086 
8.29 -18.9689 0.978723 -4.15891 -1.92886 
8.3 -19.0105 0.958944 -4.15891 -2.02686 
8.31 -19.052 0.938185 -4.15891 -2.12486 
8.32 -19.0936 0.916447 -4.15891 -2.22286 
8.33 -19.1352 0.893728 -4.15891 -2.32086 
8.34 -19.1768 0.87003 -4.15891 -2.41886 
8.35 -19.2184 0.845351 -4.15891 -2.51686 
8.36 -19.26 0.819692 -4.15891 -2.61486 
8.37 -19.3016 0.793054 -4.15891 -2.71286 
8.38 -19.3432 0.765435 -4.15891 -2.81086 
8.39 -19.3848 0.736837 -4.15891 -2.90886 
8.4 -19.4263 0.707258 -4.15891 -3.00686 
8.41 -19.4679 0.6767 -4.15891 -3.10486 
8.42 -19.5095 0.645161 -4.15891 -3.20286 
8.43 -19.5511 0.612642 -4.15891 -3.30086 
8.44 -19.5927 0.579144 -4.15891 -3.39886 
8.45 -19.6343 0.544665 -4.15891 -3.49686 
8.46 -19.6759 0.509207 -4.15891 -3.59486 
8.47 -19.7175 0.472768 -4.15891 -3.69286 
8.48 -19.7591 0.435349 -4.15891 -3.79086 
8.49 -19.8006 0.396951 -4.15891 -3.88886 
8.5 -19.8422 0.357572 -4.15891 -3.98686 
8.51 -19.8838 0.317214 -4.15891 -4.08486 
8.52 -19.9254 0.275875 -4.15891 -4.18286 
8.53 -19.967 0.233556 -4.15891 -4.28086 
8.54 -20.0086 0.190258 -4.15891 -4.37886 
8.55 -20.0502 0.145979 -4.15891 -4.47686 
8.56 -20.0918 0.100721 -4.15891 -4.57486 
8.57 -20.1334 0.0544821 -4.15891 -4.67286 
8.58 -20.1749 0.00726355 -4.15891 -4.77086 
8.59 -20.2165 -0.040935 -4.15891 -4.86886 
8.6 -20.2581 -0.0901136 -4.15891 -4.96686 
8.61 -20.2997 -0.140272 -4.15891 -5.06486 
8.62 -20.3413 -0.191411 -4.15891 -5.16285 
8.63 -20.3829 -0.243529 -4.15891 -5.26084 
8.64 -20.4245 -0.296627 -4.15891 -5.3588 
8.65 -20.4661 -0.350705 -4.15891 -5.45668 
8.66 -20.5077 -0.40576 -4.15889 -5.55433 
8.67 -20.5492 -0.461789 -4.15876 -5.65118 
8.68 -20.5908 -0.518775 -4.15814 -5.74519 
8.69 -20.6324 -0.576659 -4.15531 -5.82861 
8.7 -20.6739 -0.635218 -4.14216 -5.87071 
8.71 -20.7151 -0.693554 -4.08118 -5.7471 
8.72 -20.7549 -0.748142 -3.8127 -4.98915 
8.73 -20.7892 -0.787302 -2.88959 -2.43199 
8.74 -20.8098 -0.789605 -1.16674 2.10449 
8.75 -20.8138 -0.749113 0.200163 5.58121 
8.76 -20.8087 -0.685715 0.712521 6.82475 
8.77 -20.8008 -0.615825 0.842613 7.07277 
8.78 -20.7922 -0.545092 0.872144 7.05494 
8.79 -20.7834 -0.474918 0.878765 6.97533 
8.8 -20.7746 -0.405629 0.880269 6.8816 
8.81 -20.7658 -0.337297 0.880617 6.78461 
8.82 -20.757 -0.269939 0.8807 6.68686 
8.83 -20.7482 -0.20356 0.88072 6.58892 
8.84 -20.7394 -0.138161 0.880724 6.49093 
8.85 -20.7306 -0.0737415 0.880726 6.39294 
8.86 -20.7218 -0.0103021 0.880726 6.29494 
8.87 -20.713 0.0521572 0.880726 6.19694 
8.88 -20.7042 0.113637 0.880726 6.09894 
8.89 -20.6954 0.174136 0.880726 6.00094 
8.9 -20.6866 0.233655 0.880726 5.90294 
8.91 -20.6778 0.292195 0.880726 5.80494 
8.92 -20.669 0.349754 0.880726 5.70694 
8.93 -20.6601 0.406334 0.880726 5.60894 
8.94 -20.6513 0.461933 0.880726 5.51094 
8.95 -20.6425 0.516552 0.880726 5.41294 
8.96 -20.6337 0.570192 0.880726 5.31494 
8.97 -20.6249 0.622851 0.880726 5.21694 
8.98 -20.6161 0.67453 0.880726 5.11894 
8.99 -20.6073 0.72523 0.880726 5.02094 
9 -20.5985 0.774949 0.880726 4.92294 
9.01 -20.5897 0.823689 0.880726 4.82494 
9.02 -20.5809 0.871448 0.880726 4.72694 
9.03 -20.5721 0.918227 0.880726 4.62894 
9.04 -20.5633 0.964027 0.880726 4.53094 
9.05 -20.5545 1.00885 0.880726 4.43294 
9.06 -20.5457 1.05269 0.880726 4.33494 
9.07 -20.5368 1.09554 0.880726 4.23694 
9.08 -20.528 1.13742 0.880726 4.13894 
9.09 -20.5192 1.17832 0.880726 4.04094 
9.1 -20.5104 1.21824 0.880726 3.94294 
9.11 -20.5016 1.25718 0.880726 3.84494 
9.12 -20.4928 1.29514 0.880726 3.74694 
9.13 -20.484 1.33212 0.880726 3.64894 
9.14 -20.4752 1.36812 0.880726 3.55094 
9.15 -20.4664 1.40314 0.880726 3.45294 
9.16 -20.4576 1.43718 0.880726 3.35494 
9.17 -20.4488 1.47024 0.880726 3.25694 
9.18 -20.44 1.50232 0.880726 3.15894 
9.19 -20.4312 1.53342 0.880726 3.06094 
9.2 -20.4224 1.56354 0.880726 2.96294 
9.21 -20.4135 1.59268 0.880726 2.86494 
9.22 -20.4047 1.62084 0.880726 2.76694 
9.23 -20.3959 1.64801 0.880726 2.66894 
9.24 -20.3871 1.67421 0.880726 2.57094 
9.25 -20.3783 1.69943 0.880726 2.47294 
9.26 -20.3695 1.72367 0.880726 2.37494 
9.27 -20.3607 1.74693 0.880726 2.27694 
9.28 -20.3519 1.76921 0.880726 2.17894 
9.29 -20.3431 1.79051 0.880726 2.08094 
9.3 -20.3343 1.81083 0.880726 1.98294 
9.31 -20.3255 1.83017 0.880726 1.88494 
9.32 -20.3167 1.84853 0.880726 1.78694 
9.33 -20.3079 1.86591 0.880726 1.68894 
9.34 -20.299 1.88231 0.880726 1.59094 
9.35 -20.2902 1.89773 0.880726 1.49294 
9.36 -20.2814 1.91217 0.880726 1.39494 
9.37 -20.2726 1.92563 0.880726 1.29694 
9.38 -20.2638 1.93811 0.880726 1.19894 
9.39 -20.255 1.9496 0.880726 1.10094 
9.4 -20.2462 1.96012 0.880726 1.00294 
9.41 -20.2374 1.96966 0.880726 0.904938 
9.42 -20.2286 1.97822 0.880726 0.806938 
9.43 -20.2198 1.9858 0.880726 0.708938 
9.44 -20.211 1.9924 0.880726 0.610938 
9.45 -20.2022 1.99802 0.880726 0.512938 
9.46 -20.1934 2.00266 0.880726 0.414938 
9.47 -20.1846 2.00632 0.880726 0.316938 
9.48 -20.1757 2.009 0.880726 0.218938 
9.49 -20.1669 2.0107 0.880726 0.120938 
9.5 -20.1581 2.01142 0.880726 0.0229379 
9.51 -20.1493 2.01116 0.880726 -0.0750621 
9.52 -20.1405 2.00992 0.880726 -0.173062 
9.53 -20.1317 2.0077 0.880726 -0.271062 
9.54 -20.1229 2.0045 0.880726 -0.369062 
9.55 -20.1141 2.00032 0.880726 -0.467062 
9.56 -20.1053 1.99515 0.880726 -0.565062 
9.57 -20.0965 1.98901 0.880726 -0.663062 
9.58 -20.0877 1.98189 0.880726 -0.761062 
9.59 -20.0789 1.97379 0.880726 -0.859062 
9.6 -20.0701 1.96471 0.880726 -0.957062 
9.61 -20.0613 1.95465 0.880726 -1.05506 
9.62 -20.0524 1.94361 0.880726 -1.15306 
9.63 -20.0436 1.93159 0.880726 -1.25106 
9.64 -20.0348 1.91859 0.880726 -1.34906 
9.65 -20.026 1.90461 0.880726 -1.44706 
9.66 -20.0172 1.88965 0.880726 -1.54506 
9.67 -20.0084 1.87371 0.880726 -1.64306 
9.68 -19.9996 1.85679 0.880726 -1.74106 
9.69 -19.9908 1.83889 0.880726 -1.83906 
9.7 -19.982 1.82001 0.880726 -1.93706 
9.71 -19.9732 1.80015 0.880726 -2.03506 
9.72 -19.9644 1.7793 0.880726 -2.13306 
9.73 -19.9556 1.75748 0.880726 -2.23106 
9.74 -19.9468 1.73468 0.880726 -2.32906 
9.75 -19.938 1.7109 0.880726 -2.42706 
9.76 -19.9291 1.68614 0.880726 -2.52506 
9.77 -19.9203 1.6604 0.880726 -2.62306 
9.78 -19.9115 1.63368 0.880726 -2.72106 
9.79 -19.9027 1.60598 0.880726 -2.81906 
9.8 -19.8939 1.5773 0.880726 -2.91706 
9.81 -19.8851 1.54764 0.880726 -3.01506 
9.82 -19.8763 1.517 0.880726 -3.11306 
9.83 -19.8675 1.48538 0.880726 -3.21106 
9.84 -19.8587 1.45278 0.880726 -3.30906 
9.85 -19.8499 1.4192 0.880726 -3.40706 
9.86 -19.8411 1.38464 0.880726 -3.50506 
9.87 -19.8323 1.3491 0.880726 -3.60306 
9.88 -19.8235 1.31257 0.880726 -3.70106 
9.89 -19.8147 1.27507 0.880726 -3.79906 
9.9 -19.8058 1.23659 0.880726 -3.89706 
9.91 -19.797 1.19713 0.880726 -3.99506 
9.92 -19.7882 1.15669 0.880726 -4.09306 
9.93 -19.7794 1.11527 0.880726 -4.19106 
9.94 -19.7706 1.07287 0.880726 -4.28906 
9.95 -19.7618 1.02949 0.880726 -4.38706 
9.96 -19.753 0.98513 0.880726 -4.48506 
9.97 -19.7442 0.939789 0.880726 -4.58306 
9.98 -19.7354 0.893468 0.880726 -4.68106 
9.99 -19.7266 0.846168 0.880726 -4.77906 
