Using the solver: falsepos
iter  [ lower, upper ]   root    err
0	0	5	2.5	5
1	0	2.5	1.25	2.5
2	0	1.21758	1.21758	1.21758
3	0.77589	1.21758	0.77589	0.441688
4	0.997475	1.21758	0.997475	0.220104
5	0.997475	1.00008	1.00008	0.0026048
Converged:
6	1	1.00008	1	7.95991e-05
Using the solver: newton
iter 	  root 	  error 	 error(est)
0	-8.52532	-9.52532	-3.52532
1	-6.91769	-7.91769	1.60763
2	-8.15937	-9.15937	-1.24167
3	-4.83336	-5.83336	3.32601
4	-13.1202	-14.1202	-8.28682
5	-14.2959	-15.2959	-1.17574
6	-7.96992	-8.96992	6.32599
7	0.674706	-0.325294	8.64463
8	1.08592	0.0859248	0.411219
9	0.999195	-0.000804878	-0.0867297
10	1	2.70268e-08	0.000804905
Converged:
11	1	0	-2.70268e-08
False position result = 1
Newtons method result = 1


Using the solver: falsepos
iter  [ lower, upper ]   root    err
Converged:
0	1	1	1	0
Using the solver: newton
iter 	  root 	  error 	 error(est)
Converged:
0	1	0	0


Using the solver: falsepos
iter  [ lower, upper ]   root    err
0	1	2	1.5	1
Converged:
1	1	1	1	0
Using the solver: newton
iter 	  root 	  error 	 error(est)
0	6.84111	5.84111	4.84111
1	5.66236	4.66236	-1.17875
2	4.43295	3.43295	-1.22941
3	8.05856	7.05856	3.62561
4	12.981	11.981	4.92241
5	11.8884	10.8884	-1.09256
6	10.6045	9.60446	-1.28394
7	13.2276	12.2276	2.62318
8	11.9606	10.9606	-1.26709
9	10.7441	9.74407	-1.21649
10	14.7623	13.7623	4.01826
11	16.4711	15.4711	1.70874
12	17.8548	16.8548	1.38371
13	16.0189	15.0189	-1.83591
14	17.0692	16.0692	1.05036
15	21.877	20.877	4.80773
16	22.8835	21.8835	1.00655
17	24.477	23.477	1.59345
18	23.2153	22.2153	-1.26171
19	26.1583	25.1583	2.94305
20	24.2301	23.2301	-1.92821
21	22.616	21.616	-1.61411
22	23.8489	22.8489	1.23296
23	20.3163	19.3163	-3.53264
24	10.6879	9.68793	-9.62838
25	13.9902	12.9902	3.30232
26	7.15921	6.15921	-6.83104
27	5.59722	4.59722	-1.56198
28	4.30492	3.30492	-1.29231
29	6.82835	5.82835	2.52343
30	5.65882	4.65882	-1.16953
31	4.42627	3.42627	-1.23254
32	7.96951	6.96951	3.54324
33	16.6443	15.6443	8.67483
34	18.3315	17.3315	1.68718
35	17.1805	16.1805	-1.15102
36	27.3739	26.3739	10.1934
37	28.9835	27.9835	1.60952
38	30.3011	29.3011	1.31765
39	28.0301	27.0301	-2.27096
40	29.0607	28.0607	1.03057
41	30.4763	29.4763	1.41561
42	28.7817	27.7817	-1.69459
43	29.9259	28.9259	1.14416
44	17.5311	16.5311	-12.3948
45	13.5263	12.5263	-4.00483
46	11.7829	10.7829	-1.74344
47	10.3713	9.37131	-1.41155
48	12.0822	11.0822	1.71086
49	10.9523	9.95228	-1.12989
50	34.0554	33.0554	23.1031
51	35.1962	34.1962	1.14081
52	36.4418	35.4418	1.24553
53	33.1985	32.1985	-3.24325
54	37.9558	36.9558	4.75731
55	36.9219	35.9219	-1.03388
56	35.5192	34.5192	-1.40273
57	37.267	36.267	1.74783
58	36.1658	35.1658	-1.1012
59	9.50716	8.50716	-26.6587
60	10.5106	9.51056	1.0034
61	12.6555	11.6555	2.14491
62	11.6515	10.6515	-1.00398
63	10.0118	9.01182	-1.63967
64	11.2129	10.2129	1.20108
65	6.57497	5.57497	-4.63792
66	5.53084	4.53084	-1.04413
67	4.16114	3.16114	-1.3697
68	6.07043	5.07043	1.9093
69	5.04737	4.04737	-1.02307
70	2.00553	1.00553	-3.04183
71	6.6383	5.6383	4.63276
72	5.57175	4.57175	-1.06654
73	4.25149	3.25149	-1.32026
74	6.49994	5.49994	2.24845
75	5.47598	4.47598	-1.02396
76	4.0299	3.0299	-1.44609
77	5.61537	4.61537	1.58547
78	4.34177	3.34177	-1.2736
79	7.10272	6.10272	2.76095
80	5.63765	4.63765	-1.46507
81	4.38574	3.38574	-1.25191
82	7.50222	6.50222	3.11648
83	4.5999	3.5999	-2.90233
84	13.5081	12.5081	8.9082
85	11.8086	10.8086	-1.69954
86	10.4318	9.43179	-1.37676
87	12.3031	11.3031	1.87131
88	11.2674	10.2674	-1.03569
89	7.54312	6.54312	-3.7243
90	4.27387	3.27387	-3.26925
91	6.62905	5.62905	2.35518
92	5.5661	4.5661	-1.06294
93	4.23936	3.23936	-1.32674
94	6.43437	5.43437	2.195
95	5.42283	4.42283	-1.01154
96	3.88948	2.88948	-1.53335
97	5.25352	4.25352	1.36404
98	3.31218	2.31218	-1.94134
99	4.32722	3.32722	1.01505


Using the solver: falsepos
iter  [ lower, upper ]   root    err
0	0	1.5	0.75	1.5
1	0.75	1.5	1.125	0.75
2	0.75	1.0195	1.0195	0.269503
3	0.998751	1.0195	0.998751	0.0207522
4	0.999999	1.00913	0.999999	0.0091273
5	1	1.00456	1	0.00456306
6	1	1.00228	1	0.00228153
Converged:
7	1	1	1	0
Using the solver: newton
iter 	  root 	  error 	 error(est)
0	4.01217	3.01217	1.01217
1	5.56403	4.56403	1.55187
2	4.23489	3.23489	-1.32914
3	6.4109	5.4109	2.17601
4	5.40269	4.40269	-1.00821
5	3.83227	2.83227	-1.57042
6	5.12961	4.12961	1.29734
7	2.66183	1.66183	-2.46778
8	3.80474	2.80474	1.14291
9	5.07369	4.07369	1.26896
10	2.2448	1.2448	-2.82889
11	4.0843	3.0843	1.8395
12	5.78613	4.78613	1.70184
13	4.64847	3.64847	-1.13767
14	20.303	19.303	15.6545
15	11.7623	10.7623	-8.54072
16	10.3209	9.32087	-1.44141
17	11.9217	10.9217	1.60085
18	10.6706	9.67063	-1.25108
19	13.8029	12.8029	3.13231
20	10.7545	9.75454	-3.0484
21	14.9438	13.9438	4.18926
22	16.3289	15.3289	1.38512
23	17.5584	16.5584	1.22952
24	13.9358	12.9358	-3.6226
25	8.93522	7.93522	-5.00062
26	10.0683	9.06831	1.13309
27	11.3183	10.3183	1.25003
28	8.16567	7.16567	-3.15267
29	11.4265	10.4265	3.26085
30	9.03263	8.03263	-2.39389
31	10.1148	9.11477	1.08215
32	11.4114	10.4114	1.2966
33	8.93562	7.93562	-2.47575
34	10.0685	9.06847	1.13285
35	11.3187	10.3187	1.25018
36	8.16892	7.16892	-3.14973
37	11.3973	10.3973	3.22834
38	8.8395	7.8395	-2.55775
39	10.0392	9.03918	1.19967
40	11.263	10.263	1.22381
41	7.4785	6.4785	-3.78449
42	4.75164	3.75164	-2.72686
43	-20.7303	-21.7303	-25.4819
44	-17.4517	-18.4517	3.27862
45	-23.2638	-24.2638	-5.81207
46	-19.86	-20.86	3.40374
47	-21.7416	-22.7416	-1.88156
48	-20.7096	-21.7096	1.03197
49	-17.2038	-18.2038	3.50586
50	-3.85958	-4.85958	13.3442
51	-2.5318	-3.5318	1.32778
52	-1.34488	-2.34488	1.18693
53	-0.828479	-1.82848	0.516397
54	-0.97487	-1.97487	-0.146392
55	-0.999361	-1.99936	-0.0244908
56	-1	-2	-0.000638309
Converged:
57	-1	-2	-4.24121e-07


Using the solver: falsepos
iter  [ lower, upper ]   root    err
0	0	2	1	2
1	1	2	1.5	1
Converged:
2	1	1	1	0
Using the solver: newton
iter 	  root 	  error 	 error(est)
0	5.52989	4.52989	1.52989
1	4.15898	3.15898	-1.37092
2	6.06159	5.06159	1.90261
3	5.03652	4.03652	-1.02507
4	1.89669	0.896691	-3.13983
5	68.7467	67.7467	66.85
6	67.6748	66.6748	-1.07188
7	59.9964	58.9964	-7.67844
8	61.0452	60.0452	1.04877
9	65.7135	64.7135	4.66837
10	66.7483	65.7483	1.03475
11	68.1478	67.1478	1.39953
12	66.386	65.386	-1.76179
13	67.4776	66.4776	1.0916
14	82.5041	81.5041	15.0265
15	81.034	80.034	-1.47012
16	79.7804	78.7804	-1.25366
17	82.8642	81.8642	3.08384
18	80.221	79.221	-2.64316
19	71.1473	70.1473	-9.07371
20	73.393	72.393	2.24571
21	75.7692	74.7692	2.37616
22	74.6962	73.6962	-1.073
23	73.3865	72.3865	-1.30968
24	75.7299	74.7299	2.34334
25	74.6722	73.6722	-1.05764
26	73.3351	72.3351	-1.33717
27	75.4506	74.4506	2.11552
28	74.4492	73.4492	-1.00137
29	72.7325	71.7325	-1.71675
30	73.8575	72.8575	1.12498
31	40.5459	39.5459	-33.3115
32	41.591	40.591	1.04507
33	42.9581	41.9581	1.36709
34	41.0342	40.0342	-1.92387
35	42.0533	41.0533	1.01902
36	44.9052	43.9052	2.85199
37	43.2482	42.2482	-1.65708
38	41.9012	40.9012	-1.34696
39	43.9485	42.9485	2.04734
40	42.948	41.948	-1.00057
41	40.9915	39.9915	-1.95652
42	42.0029	41.0029	1.01147
43	44.5199	43.5199	2.51698
44	43.3557	42.3557	-1.16423
45	42.1211	41.1211	-1.23455
46	45.6138	44.6138	3.4927
47	62.0898	61.0898	16.476
48	60.7332	59.7332	-1.35665
49	62.7185	61.7185	1.98535
50	61.7121	60.7121	-1.00645
51	59.4179	58.4179	-2.29414
52	60.4562	59.4562	1.03826
53	61.8437	60.8437	1.38749
54	60.0263	59.0263	-1.81744
55	61.0855	60.0855	1.05923
56	66.8104	65.8104	5.7249
57	68.3035	67.3035	1.49312
58	66.8508	65.8508	-1.45268
59	68.4154	67.4154	1.56453
60	67.1083	66.1083	-1.3071
61	69.4762	68.4762	2.36796
62	68.4072	67.4072	-1.06897
63	67.0911	66.0911	-1.31613
64	69.3754	68.3754	2.28426
65	68.3405	67.3405	-1.03487
66	66.9414	65.9414	-1.39909
67	68.7052	67.7052	1.76375
68	67.6149	66.6149	-1.09031
69	53.4414	52.4414	-14.1734
70	54.442	53.442	1.00059
71	56.4006	55.4006	1.95859
72	55.3895	54.3895	-1.01106
73	52.8904	51.8904	-2.49911
74	54.0405	53.0405	1.15011
75	55.2813	54.2813	1.24073
76	51.9342	50.9342	-3.34711
77	62.1667	61.1667	10.2325
78	60.8957	59.8957	-1.27098
79	63.6944	62.6944	2.79877
80	62.1571	61.1571	-1.53735
81	60.8765	59.8765	-1.28064
82	63.5418	62.5418	2.6653
83	62.2232	61.2232	-1.31851
84	61.0044	60.0044	-1.21886
85	64.9434	63.9434	3.93899
86	66.8861	65.8861	1.94268
87	68.5209	67.5209	1.63482
88	67.314	66.314	-1.20683
89	71.6968	70.6968	4.38273
90	72.877	71.877	1.18017
91	74.1059	73.1059	1.22897
92	70.4683	69.4683	-3.63763
93	65.8351	64.8351	-4.63318
94	66.8448	65.8448	1.00965
95	68.398	67.398	1.55322
96	67.0713	66.0713	-1.32672
97	69.2664	68.2664	2.19516
98	68.2548	67.2548	-1.01157
99	66.7218	65.7218	-1.53305


Using the solver: falsepos
iter  [ lower, upper ]   root    err
0	0	2.5	1.25	2.5
1	0	1.21758	1.21758	1.21758
2	0.77589	1.21758	0.77589	0.441688
3	0.997475	1.21758	0.997475	0.220104
4	0.997475	1.00008	1.00008	0.0026048
Converged:
5	1	1.00008	1	7.95991e-05
Using the solver: newton
iter 	  root 	  error 	 error(est)
0	1.47468	0.47468	-3.52532
1	0.76764	-0.23236	-0.70704
2	1.02816	0.028163	0.260523
3	0.999993	-7.08122e-06	-0.0281701
Converged:
4	1	2.02149e-12	7.08123e-06


Using the solver: falsepos
iter  [ lower, upper ]   root    err
0	0	3	1.5	3
1	0	1.5	0.75	1.5
2	0.75	1.5	1.125	0.75
3	0.75	1.0195	1.0195	0.269503
4	0.998751	1.0195	0.998751	0.0207522
5	0.999999	1.00913	0.999999	0.0091273
6	1	1.00456	1	0.00456306
7	1	1.00228	1	0.00228153
Converged:
8	1	1	1	0
Using the solver: newton
iter 	  root 	  error 	 error(est)
0	4.95852	3.95852	-1.04148
1	0.854296	-0.145704	-4.10422
2	1.00674	0.00673709	0.152441
3	1	1.29213e-06	-0.0067358
Converged:
4	1	6.72795e-14	-1.29213e-06


Using the solver: falsepos
iter  [ lower, upper ]   root    err
0	0	3.29782	3.29782	3.29782
1	0	1.64891	0.824454	1.64891
2	0.824454	1.64891	1.23668	0.824454
3	0.824454	1.03986	1.03986	0.215404
4	0.998852	1.03986	0.998852	0.0410064
5	1	1.01935	1	0.0193551
6	1	1.00968	1	0.00967724
7	1	1.00484	1	0.00483862
Converged:
8	1	1	1	0
Using the solver: newton
iter 	  root 	  error 	 error(est)
0	5.67357	4.67357	-1.32643
1	4.45386	3.45386	-1.21971
2	8.3653	7.3653	3.91144
3	10.4089	9.40892	2.04362
4	12.2153	11.2153	1.80643
5	11.1504	10.1504	-1.06494
6	4.66589	3.66589	-6.48452
7	26.1776	25.1776	21.5117
8	24.1858	23.1858	-1.99178
9	22.4739	21.4739	-1.7119
10	23.6029	22.6029	1.12901
11	-0.833307	-1.83331	-24.4362
12	-0.976129	-1.97613	-0.142822
13	-0.999423	-1.99942	-0.0232934
14	-1	-2	-0.000576809
Converged:
15	-1	-2	-3.46311e-07


Using the solver: falsepos
iter  [ lower, upper ]   root    err
0	0	3.11863	3.11863	3.11863
1	0	1.55931	0.779657	1.55931
2	0.779657	1.55931	1.16949	0.779657
3	0.779657	1.02851	1.02851	0.248856
4	0.998631	1.02851	0.998631	0.0298822
5	0.999999	1.01357	0.999999	0.0135726
6	1	1.00679	1	0.00678566
7	1	1.00339	1	0.00339283
Converged:
8	1	1	1	0
Using the solver: newton
iter 	  root 	  error 	 error(est)
0	14.8729	13.8729	6.87285
1	16.363	15.363	1.4901
2	17.6239	16.6239	1.26095
3	14.6682	13.6682	-2.95567
4	16.6428	15.6428	1.97453
5	18.3263	17.3263	1.68355
6	17.1718	16.1718	-1.15447
7	26.5423	25.5423	9.37047
8	20.313	19.313	-6.22929
9	10.9783	9.97828	-9.33474
10	68.8063	67.8063	57.828
11	67.7567	66.7567	-1.04963
12	63.0134	62.0134	-4.74328
13	61.9967	60.9967	-1.0167
14	60.5065	59.5065	-1.49022
15	61.9663	60.9663	1.45986
16	60.4237	59.4237	-1.54266
17	61.7697	60.7697	1.34606
18	59.7164	58.7164	-2.05336
19	60.7167	59.7167	1.00034
20	62.6477	61.6477	1.93099
21	61.6305	60.6305	-1.0172
22	58.861	57.861	-2.76946
23	60.3415	59.3415	1.48052
24	61.5989	60.5989	1.25738
25	58.582	57.582	-3.01687
26	60.8229	59.8229	2.24084
27	63.1798	62.1798	2.35691
28	62.1161	61.1161	-1.06374
29	60.7908	59.7908	-1.32526
30	62.9977	61.9977	2.20691
31	61.9838	60.9838	-1.01391
32	60.4719	59.4719	-1.51186
33	61.8809	60.8809	1.40898
34	60.1595	59.1595	-1.72141
35	61.2807	60.2807	1.12119
36	10.3493	9.34931	-50.9314
37	12.0099	11.0099	1.66055
38	10.8321	9.83214	-1.17772
39	16.9781	15.9781	6.14594
40	20.3545	19.3545	3.37641
41	5.15995	4.15995	-15.1945
42	2.84927	1.84927	-2.31068
43	3.89864	2.89864	1.04937
44	5.27441	4.27441	1.37577
45	3.39786	2.39786	-1.87654
46	4.43181	3.43181	1.03395
47	8.04313	7.04313	3.61132
48	13.3616	12.3616	5.31844
49	11.9333	10.9333	-1.42828
50	10.6929	9.69292	-1.24037
51	14.048	13.048	3.35504
52	2.82319	1.82319	-11.2248
53	3.88203	2.88203	1.05884
54	5.23675	4.23675	1.35471
55	3.23937	2.23937	-1.99738
56	4.24466	3.24466	1.00529
57	6.46266	5.46266	2.21799
58	5.44633	4.44633	-1.01632
59	3.95335	2.95335	-1.49298
60	5.40638	4.40638	1.45303
61	3.84294	2.84294	-1.56345
62	5.15189	4.15189	1.30895
63	2.80164	1.80164	-2.35025
64	3.86908	2.86908	1.06744
65	5.20805	4.20805	1.33897
66	3.10551	2.10551	-2.10254
67	4.10726	3.10726	1.00175
68	5.86513	4.86513	1.75787
69	4.77089	3.77089	-1.09424
70	-12.3323	-13.3323	-17.1032
71	-13.3604	-14.3604	-1.02802
72	-14.7869	-15.7869	-1.42654
73	-13.134	-14.134	1.65295
74	-14.3199	-15.3199	-1.18596
75	-8.81764	-9.81764	5.50228
76	-7.60004	-8.60004	1.2176
77	-11.5806	-12.5806	-3.98056
78	-13.3915	-14.3915	-1.81087
79	-14.8653	-15.8653	-1.47387
80	-13.3627	-14.3627	1.50261
81	-14.7927	-15.7927	-1.42997
82	-13.1522	-14.1522	1.64046
83	-14.3524	-15.3524	-1.20015
84	-9.66996	-10.67	4.68243
85	-8.63913	-9.63913	1.03083
86	-7.22457	-8.22457	1.41456
87	-8.92332	-9.92332	-1.69875
88	-7.78291	-8.78291	1.14041
89	-21.8651	-22.8651	-14.0822
90	-20.8572	-21.8572	1.00799
91	-18.4934	-19.4934	2.3638
92	-19.5603	-20.5603	-1.06698
93	-20.8798	-21.8798	-1.31951
94	-18.625	-19.625	2.25485
95	-19.6507	-20.6507	-1.02575
96	-21.0878	-22.0878	-1.43709
97	-19.4724	-20.4724	1.61547
98	-20.7035	-21.7035	-1.23116
99	-17.1245	-18.1245	3.57903


Using the solver: falsepos
iter  [ lower, upper ]   root    err
0	0	4.5	2.25	4.5
1	0	2.25	1.125	2.25
2	0	1.00208	1.00208	1.00208
3	0.996476	1.00208	0.996476	0.00560837
4	1	1.00208	1	0.00208457
5	1	1.00104	1	0.00104198
6	1	1.00052	1	0.00052099
Converged:
7	1	1	1	0
Using the solver: newton
iter 	  root 	  error 	 error(est)
0	10.0975	9.09754	1.09754
1	11.3761	10.3761	1.2786
2	8.68395	7.68395	-2.69219
3	10.0391	9.03913	1.35518
4	11.2629	10.2629	1.22377
5	7.47719	6.47719	-3.78571
6	4.75936	3.75936	-2.71783
7	-16.5391	-17.5391	-21.2985
8	-15.0555	-16.0555	1.4836
9	-13.797	-14.797	1.25851
10	-16.7941	-17.7941	-2.99711
11	-14.6478	-15.6478	2.14633
12	-12.6015	-13.6015	2.04624
13	-13.6021	-14.6021	-1.00062
14	-15.5635	-16.5635	-1.96131
15	-14.5529	-15.5529	1.01053
16	-12.0769	-13.0769	2.47598
17	-13.21	-14.21	-1.13302
18	-14.46	-15.46	-1.25008
19	-11.3083	-12.3083	3.15175
20	-14.5589	-15.5589	-3.25062
21	-12.116	-13.116	2.44293
22	-13.2267	-14.2267	-1.11077
23	-14.493	-15.493	-1.26621
24	-11.6221	-12.6221	2.87086
25	-13.3276	-14.3276	-1.70554
26	-14.7089	-15.7089	-1.38127
27	-12.8608	-13.8608	1.84813
28	-13.9057	-14.9057	-1.04496
29	-18.2653	-19.2653	-4.35959
30	-19.4642	-20.4642	-1.19885
31	-20.6882	-21.6882	-1.22399
32	-16.9091	-17.9091	3.77902
33	-14.141	-15.141	2.76811
34	244.481	243.481	258.622
35	243.298	242.298	-1.1828
36	249.029	248.029	5.73072
37	250.532	249.532	1.50314
38	249.103	248.103	-1.42874
39	250.748	249.748	1.64491
40	249.553	248.553	-1.195
41	254.5	253.5	4.94697
42	255.501	254.501	1.00048
43	257.448	256.448	1.94734
44	256.434	255.434	-1.01339
45	253.834	252.834	-2.60078
46	255.076	254.076	1.24242
47	256.294	255.294	1.21757
48	252.312	251.312	-3.9816
49	250.504	249.504	-1.80786
50	249.033	248.033	-1.47084
51	250.544	249.544	1.51101
52	249.134	248.134	-1.41086
53	250.847	249.847	1.71369
54	249.72	248.72	-1.12751
55	276.827	275.827	27.107
56	275.756	274.756	-1.07116
57	274.443	273.443	-1.31256
58	276.759	275.759	2.31645
59	275.713	274.713	-1.04652
60	274.35	273.35	-1.3632
61	276.296	275.296	1.94619
62	275.282	274.282	-1.01364
63	272.671	271.671	-2.61176
64	273.925	272.925	1.25428
65	275.142	274.142	1.21685
66	271.136	270.136	-4.00598
67	269.395	268.395	-1.74041
68	267.986	266.986	-1.40901
69	269.708	268.708	1.72126
70	268.586	267.586	-1.12131
71	318.684	317.684	50.0975
72	324.036	323.036	5.35208
73	325.147	324.147	1.1115
74	457.468	456.468	132.321
75	454.678	453.678	-2.78999
76	456.198	455.198	1.51971
77	457.471	456.471	1.27288
78	454.7	453.7	-2.77117
79	456.183	455.183	1.48367
80	457.442	456.442	1.25854
81	454.445	453.445	-2.99667
82	456.59	455.59	2.14436
83	458.63	457.63	2.04082
84	457.63	456.63	-1.00089
85	455.644	454.644	-1.9854
86	456.651	455.651	1.00645
87	458.944	457.944	2.2938
88	457.906	456.906	-1.03814
89	456.518	455.518	-1.38788
90	458.334	457.334	1.81554
91	457.274	456.274	-1.06019
92	451.432	450.432	-5.84186
93	449.695	448.695	-1.73728
94	450.804	449.804	1.10889
95	517.345	516.345	66.5417
96	519.248	518.248	1.90307
97	520.828	519.828	1.58009
98	519.547	518.547	-1.28188
99	522.196	521.196	2.64936


Using the solver: falsepos
iter  [ lower, upper ]   root    err
0	0	5	2.5	5
1	0	2.5	1.25	2.5
2	0	1.21758	1.21758	1.21758
3	0.77589	1.21758	0.77589	0.441688
4	0.997475	1.21758	0.997475	0.220104
5	0.997475	1.00008	1.00008	0.0026048
Converged:
6	1	1.00008	1	7.95991e-05
Using the solver: newton
iter 	  root 	  error 	 error(est)
0	11.1918	10.1918	1.19179
1	6.0626	5.0626	-5.12919
2	5.03777	4.03777	-1.02483
3	1.90955	0.909547	-3.12822
4	26.3981	25.3981	24.4886
5	23.0722	22.0722	-3.3259
6	25.1983	24.1983	2.12603
7	24.1961	23.1961	-1.00215
8	22.5084	21.5084	-1.68771
9	23.6589	22.6589	1.15051
10	13.3312	12.3312	-10.3277
11	11.9452	10.9452	-1.38603
12	10.7155	9.71547	-1.22972
13	14.3327	13.3327	3.61721
14	19.4801	18.4801	5.14739
15	18.242	17.242	-1.23805
16	17.0241	16.0241	-1.21794
17	20.9935	19.9935	3.96937
18	22.8377	21.8377	1.8442
19	24.3469	23.3469	1.5092
20	22.932	21.932	-1.4149
21	24.6293	23.6293	1.69739
22	23.4877	22.4877	-1.14162
23	36.972	35.972	13.4843
24	35.6336	34.6336	-1.33846
25	37.7397	36.7397	2.10616
26	36.7389	35.7389	-1.00083
27	34.9948	33.9948	-1.74411
28	36.0987	35.0987	1.10387
29	69.8472	68.8472	33.7486
30	68.5026	67.5026	-1.34463
31	67.2805	66.2805	-1.22211
32	71.1166	70.1166	3.83606
33	73.5115	72.5115	2.39496
34	76.7304	75.7304	3.21889
35	72.4993	71.4993	-4.23112
36	73.5295	72.5295	1.03018
37	76.936	75.936	3.40652
38	46.6435	45.6435	-30.2925
39	47.7711	46.7711	1.12763
40	49.0247	48.0247	1.25353
41	45.9384	44.9384	-3.08623
42	48.5989	47.5989	2.66049
43	59.0571	58.0571	10.4582
44	60.2975	59.2975	1.24045
45	61.5153	60.5153	1.21773
46	57.539	56.539	-3.9763
47	55.7156	54.7156	-1.82338
48	54.2288	53.2288	-1.48676
49	55.6974	54.6974	1.46857
50	54.18	53.18	-1.51737
51	55.577	54.577	1.39694
52	53.8036	52.8036	-1.77335
53	54.8878	53.8878	1.08413
54	65.9992	64.9992	11.1114
55	66.9995	65.9995	1.00033
56	68.9294	67.9294	1.92983
57	67.9119	66.9119	-1.01749
58	65.1294	64.1294	-2.78244
59	66.6344	65.6344	1.50497
60	67.9012	66.9012	1.26677
61	65.0391	64.0391	-2.86208
62	66.7216	65.7216	1.68255
63	68.086	67.086	1.36441
64	66.1469	65.1469	-1.93918
65	67.1621	66.1621	1.01523
66	69.8437	68.8437	2.6816
67	68.5033	67.5033	-1.34036
68	67.2818	66.2818	-1.22149
69	71.137	70.137	3.85512
70	73.4306	72.4306	2.29369
71	76.0183	75.0183	2.58765
72	74.7895	73.7895	-1.22875
73	73.5706	72.5706	-1.21891
74	77.508	76.508	3.93739
75	79.4563	78.4563	1.94822
76	81.0992	80.0992	1.64298
77	79.902	78.902	-1.19722
78	84.731	83.731	4.82897
79	85.7352	84.7352	1.00425
80	87.3693	86.3693	1.63404
81	86.1615	85.1615	-1.20778
82	90.5051	89.5051	4.34361
83	91.7176	90.7176	1.21253
84	92.9389	91.9389	1.22127
85	89.0769	88.0769	-3.86202
86	86.8176	85.8176	-2.25932
87	84.3856	83.3856	-2.43195
88	85.4895	84.4895	1.10392
89	86.7619	85.7619	1.27232
90	83.9825	82.9825	-2.77932
91	85.4815	84.4815	1.499
92	86.7459	85.7459	1.26439
93	83.8465	82.8465	-2.89945
94	85.6325	84.6325	1.78604
95	87.0821	86.0821	1.44958
96	85.5078	84.5078	-1.57427
97	86.7989	85.7989	1.29109
98	84.2615	83.2615	-2.53737
99	85.4429	84.4429	1.18138


